# 相机内参
intrinsic:
  0: [1764.026934921080965, 0, 736.979025056775754]
  1: [0, 1764.405230090698296, 614.264046323071057]
  2: [0, 0, 1]

# 畸变参数
distortion:
  [-0.212628463338009, 0.062021678241113, 0.000969150804336, -0.002210506116527, 0.337649725227943]

# yaw 解算模式: 0=pnp_yaw, 1=first_yaw, 2=second_yaw
yaw_mode: 2